ADDENDUM.

121. Kmnh 111. Im 1111. {mh

VIII, 16 207. 293. XM 174 11. 9. 179. 240. XV, 10 176.
17 140.16511.1.18311.3. 5 XV1 rubrio, 191·

²¹⁰²& 1 1³⁷· 2 5. 1111111111.
18 14516.18311.3.215. 7 295.298.

2⁹4 ΧΠ rubrica 192. 23¹·

10 111111111111. 1 Μ Hm m, 11113111, 11122,

20 11171411112111191. ³ 111 11111111. 11ἓ111217111ἑ9111. 111.

11111111. 4 221111.220.2202qq. 220·
21 11111. 11111. {g} ¹²22} 11 ¹²³· 233,
111 · ·

111. ²³³
, 243 11. 1. 295.

175. 180 11. 2. 202
gb} 253. 279112.

166 n. 1. 253. 295.

11ὲο211υ121ἓί1).6 . 1ἓὲ 42- 11111. 11111.

11111111. 11 17111· 111. 11111.
141, 152, 253, ll 99178179297. 181.

⁴⁵· x111‚2 122. 111. 202 11. ⁹⁷·
40. 11. 1111111111. 210 11. 124 11. 111.

10 174 11. ll. 177 n. 2. 208 11. 2.. 300.
12 159 11. 2. 104. 205.

13 205. 11127.
14 211.

15 211.
16 172 11. 7.

17 121. 218. 219. 295. ΧΠΠ,
303. Η125. 129.

18 218. 219.

71. 133. 173. 203111.
210 11. 3. 296.

6 21311128129. 110111.
7 42. 43. 143. 183 11. 2. 298·
8
9

213. , 189 n. 2. 298.

1111111111· , 1111111111.

³¹²⁷· 11111. 11111.

ω

221 11. 1. XVIII 104.
297. 1 210 115. 299.
279 11. 2. 237. 2 299.

107.108.21011.5.297. xml 210 12³.

¹⁷& 2¹⁰ ¹²· ⁵· ²⁹⁷· 2 111. 111 11. 200.
111. 111. 111. 1111 2

122. 111. 11111. 200.
111. 111. 111 200.

111 202 11. 111. 1111 2 200.
200.
111. 200.

158 202112. 205.
279 n. 2. 302.

21

Φῢιρωωοωαῖαα

174 11. 3. 177. 178.
140 11. 2. 210 11. 0. 179113. 183 n. 1.

,1
2
3 184. 189 n. l. 296. 8 175.
5
6

gem—'Qe-

...ω-Ξ

174 11. 9. 202 11. 1. 14 178183 114.
29⁷· 11 11111 202.
174 11. 9. 210113. 16 10324, 302

1 11111. 1111111111111 xxm 111

{2 ξξξ· 1111111111. 2 111.
18290111. 1 mqqqflm 6 ³04

18 1831131297. 11123. 17429· mm 210. 225. 302.
19 158. 210115. 214· 4 177112.

²⁰ ²¹² ³¹²⁹· 11111. 221. 2 121.
²³ ²⁰⁶· 11111 11 111114.
1111 11111. 121. 111. 11111. 11 1111111111.

 

