56 LEGES ALAMANNORUM. — LEX. INDICES B.

Ed. 0066.1-2.5-1. 4. 6. 2. 1214. 16. 18. 1612-22.

10. 12. 11. 35. 37.
mv. 22. 23. 22. 22. 24. 24. 22. 23. 24.
xxv. 24. 24. 24. 24. 23. 26. 24. 21. 23.
XXVI. 26. 26. 26. 23. 26. 26. 26, 22. 26.
xxvn. 26. 26. 26. 26, 21. 27. 22.c 21.
mm. 21. 21. 21. 21. ’ 26. 26. 2624. 26.
XXIX. 28. 26. 22. 22. 22. 22. 21. 26. 22.
xxx. 22. 22. 23. 23. 20. 20. 22. 26. 26.
XXXI. 26. 30. 26. 30. 31. 21. 23. 22. 21.
mm. 21. 21. 21. 21. 32. 22. 33. 21. 23. 32.

ἓξὲξ 32. 22. 22. 22. 22. 24. 32. 22. 22

XXXIV. 33. 33. 34. 33. 34. 35. 33. 30⁴. 34.
XXXV. 34. 34. 35. 34. 351 36. 34. 31⁸. 35.

XXXVI. 35. 35. 36. 35. 37. 37. 35. 32“. 33⁸. 36.
XXXVII. 36. 36. . 36. 38. 38. 36. 34⁸. 37.
XXXVIII. 37. 37. , 37. 39. 30. 37. 35“. 38.

XXXIX. 38. 38. · , 38. 40. 40. 38. 36. 39.

XL. 30. 39. . 30. 41. 41. 32. 37. 40.
XLI. 40. 40. . 40. 42. 42. 40. 38¹. 41.
XLII. 41. 41. ‘. 41. 43. 43. 41, 32¹¹. 42.

XLIII. 42. 42. . 42. 44. 44. 42. 40. 43.
XLIV. 43. 43. 42. 45. 45. 43. 41⁴. 44.
XLV. 44. 44. . 442³ 46. 46. 44. 42‘. 45.
XLVI. 45. 45. . 44. 45“. 47. 47. 45. 44⁸. 46.
XLVII. 46. 46. . 45. 46. 48. 48. 46. 45‘. 47.
XLVIII. 47. 47. . 46. 47‘. 49. 49. 47. 46. 48.
XLIX. 48. 42. 43. 50. 42⁴. 42. 51, 50. 48. 47⁸. 42.
L. 42. 48. 42. 42. 50‘. 48. 50. 51. 49, 48‘. 50.

LI. 50. 50. 51. 50. 52. 52. 50. 42⁴. 51.
LII. 21. 51. 52. 51. 53. 53. 51. 50*Ι 52.
LIII. 52. 52. 53. 52. 54. 54. 52. 51‘. 53.
LIV. 53. 53. 54. . 55. 55, 53. 52”. 54.
LV. 54. 54. 55. . 56. 56. 54. 53“. 55.
LVI. 55. 55. 56. . 57. 57. 55, 54‘. 56.

a) dcent in indice. b) 7166 loco codd. 13. 14 titulum 1'1. edition-42 subiciunt: XXXVI. De shcramentis
qualiter fiant. e) deest haec rubrica in indice.

 

