ADDENDUM.

nmmum ιιιιιιωι munta titulorum zm &mrim ιι quem aqu nm ιηωι cuum,
qm· interimam ’111ιοοι Baimrimm' Berlin 1925, ιι ub aiolo fl ιι 1οω Ιισὶι. de quibu
Ιηιιι Humum (vide praefationem) ἀίιιιηῢ.

Kmuh 90. [meh

lah Kruoh Iob.

Ptol. deleg. 199
Indiceslegis lsssssqq.

1,5 188.

9 180.

105 188

8 144.
19 187 0 3.

18 188.

, ΠΙ de
Genulogia 190
1v‚1 189.

80 189.

v} titulus ιιι.

xum ιιι. ,

Tutus.

1,1 137. 158. 108. 177.
180 0 9. 901.

9 901. 909. 971. 979.

3 191.· 159 0 9. 943
ἓὸὲ. 988. 995. 800.

4 179. 919. 997.
188.

ι mmmmm
{miff'mm'

49. 191. 190. 149.
109. 910 0 3.

171. 190. 900. 999.

mmmmm
mmfflm

145. 180. 903. 905
ιι. 1. 907. 908. 971.
ξέξιιᾶ. 973. 977.

158. 180. 999. 998.

130. 189 0 4. 935.
980 sqq. 938100
ῗξξ. 901. 11190.

13 492ζὲ. 198 09. 991.

Π,1 159 0 9. 173 0 7.
179 ιι. 8. 905 01.
97901. 977. 979.
984. 980. 987. 989.
991. 995.

111,1

ῘΙΠ

ιιι ιιι a ι.
171.· 173. 909 0 9.

108. 109. 180 ιι. 9.
188. 190. 910 ιι. 8.
974. 11184.

910 0 8.
49. 149.

37. 80 199. 195. 149.
11403140100979.

191. 195. 131. 149.
140. 157. 150100.
109. 185. 190973.
975. Η181.

10 187. 908.

11 1800018801.
19 18801. 919.
18 17709.911.919.

14 188. 178. 174 04.
911. 973. 995. 11131.

10 977.
17 18090809.
18 180

87. 179. 177 ιι. 9.
197 01.

190. 908.

9
,1 180. 950.
9 79. 140905. Η198.
3 909.
7 190 0 1. 910 0 3.
911.
8

190 01.

9 70. 13ἰο. 91008. 990
0 .

10 189. 910. 995.

11 09. 70. 91005.
19 909.

14 91003.

15 173 00. 8. 17808.
10 9090991005.

17 18ἓ9ἔι. 9. 910 0 5.

18 1840990101.
19 1741840991005.
90 18409.
91 91005.

1111, 99 178. 910 0 5.

98 178. 910 0 3.

95 148. 155. 179. 184.
910 0 3. 804.

- 90 910 05.

97 87. 1009101000.
98 999.

99 138. 145. 158. 174.
179. 17908.

80 145. 174. 189. 998.
998 0 9.

81 40233. 170170189.

V rubrica 199.

,Ξ

ι-Φᾳῐαιβθθι-ιῆὶ

Eae

fi ω tet—-

vm,

4 173.
09. 70. 139.
09.

70.

809.

809.

09.

09.

178 0 8.
999.

989. 990.

199. 909 0 9. 980.
990.

49Ξ99ἷ19 0 9. 989. 990.

lwsqq. 179. 907. 908
0 9. 9100 3. 939.
91803ἓ90. 991. m.

71. 907.

5
1 10717091005.
9 100177091Ίο
4 140. 101. 91005.
5
7
8

Φ

140. 910 0 5.

71. 133. 148. 170908.
Η 180.

91005.
0 17017701.
10 91008.

ιι ιιι. ιιιιιιιιι. ιιι.
ιι ιιοιιι. ιιι. ιιι.

 

